3133 395 -502 -101
3274 3043 -381 510
44 3174 2111 4
469 206 2114 1983
479 288 423 2181
1951 15 310 -407
1963 1801 529 -78
-506 2050 1719 1107
-68 507 2479 0
0 512 0 0
0 0 512 0
0 0 0 512
0 0 0 0
512 0 0 0
0 512 0 0
0 0 0 0
3057 728 -509 -57
3459 2841 -36 489
-151 2846 2750 1185
277 431 3585 2295
1562 -26 -511 3503
1847 -760 -385 337
2282 1840 -1066 148
490 2561 0 0
512 0 0 0
0 512 0 0
0 0 512 0
0 0 0 512
0 0 0 0
512 0 0 0
0 512 0 0
0 0 0 0
2813 -275 267 437
2884 2794 -428 -238
-453 2963 2731 1126
-296 418 3508 2659
-690 122 -497 3031
2239 -1423 336 386
3309 1869 -1092 296
-418 2613 1743 -839
-202 -471 2248 0
0 512 0 0
0 0 512 0
0 0 0 512
0 0 0 0
512 0 0 0
0 512 0 0
0 0 0 0
2947 -115 -204 -470
2961 2883 425 -172
482 3053 2482 -1389
458 228 3519 2414
529 -183 -478 2653
2212 753 110 -500
2638 2140 -825 218
463 2630 2010 1083
441 261 2746 1949
331 157 487 2057
0 0 512 0
0 0 0 512
0 0 0 0
512 0 0 0
0 512 0 0
0 0 0 0
3167 137 -448 -249
3196 3153 134 417
297 3171 2244 -1328
462 220 3220 1957
-1095 77 -506 2705
1931 -556 -192 -475
2192 1865 1264 -220
-463 2778 1707 120
-31 511 1742 0
0 512 0 0
0 0 512 0
0 0 0 512
0 0 0 0
512 0 0 0
0 512 0 0
0 0 0 0
3063 -744 488 -156
3481 2662 1295 -445
254 3606 2648 -647
-303 413 2982 2401
211 -500 110 2447
2226 -1388 357 -367
3262 2053 -344 -503
-96 2162 1811 -122
-308 -409 1831 1666
-1138 512 -10 2455
1657 -183 445 -254
1701 0 0 512
0 0 0 0
512 0 0 0
0 512 0 0
0 0 0 0
3303 954 -117 498
3914 2709 1180 137
-493 3539 2662 -510
31 -511 2888 2650
221 45 -510 2700
1977 -1315 18 -512
2940 1802 84 509
53 1822 0 0
512 0 0 0
0 512 0 0
0 0 512 0
0 0 0 512
0 0 0 0
512 0 0 0
0 512 0 0
0 0 0 0
2899 875 321 -399
3437 2853 177 43
510 2886 2614 172
130 -495 2653 2320
728 -512 16 2724
2288 -1374 -510 40
3310 2222 750 -334
388 2644 1838 1230
183 -478 2718 0
0 512 0 0
0 0 512 0
0 0 0 512
0 0 0 0
512 0 0 0
0 512 0 0
0 0 0 0
2949 -1012 -331 390
3616 2822 493 0
-512 3034 2803 -896
306 410 3360 2538
633 400 319 2862
2329 97 38 -511
2344 2218 182 -317
-402 2258 2116 828
-6 -512 2609 1962
-1163 501 106 2777
1774 -1103 -510 39
2530 1767 -293 404
314 1855 1658 -1138
346 -378 2448 0
0 512 0 0
0 0 0 0
3253 585 155 488
3540 3086 -279 -226
-460 3161 2666 1465
-183 -478 3779 2554
368 -245 449 2682
2516 17 407 -310
2521 2367 -279 324
396 2443 2364 -1076
60 -508 3093 2216
-556 -473 -196 2477
1981 -400 439 -263
2133 1683 581 482
174 1962 0 0
512 0 0 0
0 512 0 0
0 0 0 0
3273 372 32 511
3399 3163 685 -123
-497 3528 2232 -650
-49 -510 2568 2156
1165 23 -511 2972
2050 700 399 -321
2430 1980 -1289 488
-154 2918 0 0
512 0 0 0
0 512 0 0
0 0 512 0
0 0 0 512
0 0 0 0
512 0 0 0
0 512 0 0
0 0 0 0
3141 -392 399 -321
3281 3085 1067 -219
463 3806 2453 1275
-509 -57 3376 2072
-1614 291 -421 3332
2065 768 -100 -502
2507 1666 -2070 -233
456 3382 0 0
512 0 0 0
0 512 0 0
0 0 512 0
0 0 0 512
0 0 0 0
512 0 0 0
0 512 0 0
0 0 0 0
3146 38 297 -417
3149 3010 -801 -417
297 3479 2700 -897
434 -272 3257 2563
1307 -105 501 3518
1778 88 -425 285
1798 1702 -287 -459
227 1797 0 0
512 0 0 0
0 512 0 0
0 0 512 0
0 0 0 512
0 0 0 0
512 0 0 0
0 512 0 0
0 0 0 0
3009 -231 -445 254
3068 2974 -773 500
-109 3416 2621 -126
-114 -499 2642 1863
-472 -197 473 2068
1770 1109 510 -48
2532 1722 -1304 -511
-35 2674 1684 1330
184 478 2662 1655
-1014 315 -403 2326
0 0 512 0
0 0 0 512
0 0 0 0
512 0 0 0
0 512 0 0
0 0 0 0
3022 -1112 499 115
3786 2883 895 -413
-302 3439 2555 -567
-507 -68 2824 2340
-1840 311 -406 3825
2309 -774 -402 317
2753 1966 -1401 111
500 3014 1775 -924
108 501 2360 0
0 512 0 0
0 0 512 0
0 0 0 512
0 0 0 0
512 0 0 0
0 512 0 0
0 0 0 0
3039 389 -32 -511
3177 2869 -853 12
512 3385 2655 -397
-475 191 2798 2613
1007 406 312 3276
1693 643 152 -489
2026 1669 -673 335
387 2026 0 0
512 0 0 0
0 512 0 0
0 0 512 0
0 0 0 512
0 0 0 0
512 0 0 0
0 512 0 0
0 0 0 0
3081 -1029 302 -413
3764 2966 235 16
512 3022 2865 -117
-366 -358 2881 2507
-424 -417 298 2670
2106 719 168 484
2505 1757 -137 335
-388 1779 1717 339
408 310 1825 1702
-423 -510 -43 1862
0 0 512 0
0 0 0 512
0 0 0 0
512 0 0 0
0 512 0 0
0 0 0 0
3114 -19 -509 -59
3117 3024 442 511
24 3198 2246 1140
315 -403 3037 2219
-339 -432 274 2332
2096 -828 -299 416
2591 2014 1545 508
64 3205 0 0
512 0 0 0
0 512 0 0
0 0 512 0
0 0 0 512
0 0 0 0
512 0 0 0
0 512 0 0
0 0 0 0
3011 496 110 500
3225 2836 -1077 -129
-496 3566 2599 62
-510 -43 2611 2531
536 479 -180 2781
2112 -715 83 -505
2505 1731 1249 -218
-463 2629 0 0
512 0 0 0
0 512 0 0
0 0 512 0
0 0 0 512
0 0 0 0
512 0 0 0
0 512 0 0
0 0 0 0
3160 -589 15 -512
3443 3123 804 -181
479 3595 2661 62
377 347 2689 2404
337 -292 -421 2509
2144 -109 3 512
2158 1661 356 493
137 1783 0 0
512 0 0 0
0 512 0 0
0 0 512 0
0 0 0 512
0 0 0 0
512 0 0 0
0 512 0 0
0 0 0 0
